99, 90, 16, 129, 75, 99
97, 71, 16, 167, 82, 98
98, 89, 20, 118, 76, 98
97, 85, 16, 124, 95, 98
98, 80, 18, 156, 92, 98
98, 97, 14, 100, 70, 100
98, 177, 16, 122, 84, 97
98, 81, 16, 105, 65, 100
98, 75, 14, 130, 86, 98
98, 106, 18, 131, 91, 94
97, 97, 16, 124, 83, 98
98, 90, 18, 179, 76, 100
98, 84, 16, 122, 79, 99
97, 104, 12, 130, 80, 100
100, 93, 20, 114, 70, 92
97, 100, 20, 159, 100, 99
98, 62, 18, 136, 87, 94
98, 60, 16, 160, 90, 100
97, 78, 20, 108, 47, 97
98, 104, 20, 133, 91, 96
100, 85, 18, 117, 75, 95
98, 90, 18, 131, 74, 97
97, 73, 16, 135, 84, 97
98, 62, 18, 131, 89, 98
98, 80, 16, 162, 102, 95
97, 70, 16, 140, 92, 97
97, 89, 18, 148, 79, 98
98, 89, 14, 131, 82, 98
98, 63, 24, 166, 94, 100
97, 145, 22, 128, 90, 95
98, 73, 18, 113, 85, 98
98, 83, 18, 126, 80, 100
97, 78, 16, 134, 61, 100
98, 61, 20, 130, 69, 94
97, 85, 20, 114, 93, 99
97, 98, 18, 103, 68, 100
99, 83, 20, 148, 106, 96
97, 74, 16, 122, 82, 100
98, 64, 20, 111, 71, 99
98, 71, 18, 181, 86, 99
99, 105, 16, 118, 69, 99
97, 89, 20, 144, 90, 98
97, 96, 20, 144, 67, 98
97, 85, 18, 136, 71, 99
97, 91, 17, 119, 78, 98
98, 87, 18, 116, 62, 100
97, 75, 20, 116, 72, 92
97, 66, 18, 148, 99, 98
98, 67, 16, 117, 50, 99
97, 56, 16, 143, 66, 99
97, 91, 22, 145, 107, 90
98, 103, 16, 164, 110, 97
98, 89, 18, 132, 92, 99
98, 70, 16, 112, 68, 99
97, 79, 16, 136, 90, 98
98, 69, 18, 154, 75, 97
98, 73, 18, 118, 64, 99
98, 93, 16, 110, 79, 100
97, 66, 16, 119, 76, 95
98, 104, 18, 160, 109, 97
102, 96, 16, 138, 94, 99
98, 65, 16, 127, 80, 99
98, 52, 20, 172, 117, 98
98, 110, 20, 126, 96, 99
97, 76, 20, 237, 121, 91
98, 106, 16, 130, 88, 98
97, 89, 18, 153, 96, 96
98, 82, 16, 121, 73, 100
98, 92, 18, 146, 103, 96
98, 57, 20, 180, 76, 98
99, 65, 20, 141, 78, 98
98, 95, 18, 134, 90, 100
97, 77, 18, 105, 79, 99
98, 61, 18, 129, 88, 100
101, 113, 18, 121, 73, 98
98, 60, 18, 127, 72, 100
100, 101, 20, 128, 67, 100
98, 68, 18, 105, 66, 98
98, 80, 16, 116, 68, 99
98, 72, 16, 131, 101, 100
98, 97, 18, 128, 92, 99
98, 88, 18, 130, 100, 100
98, 109, 22, 107, 59, 100
98, 82, 18, 131, 82, 98
98, 96, 24, 131, 79, 97
101, 120, 20, 121, 77, 99
98, 124, 18, 114, 70, 100
98, 66, 20, 100, 72, 98
97, 88, 18, 144, 75, 96
98, 97, 18, 146, 116, 99
98, 90, 18, 141, 92, 100
98, 84, 16, 187, 114, 99
98, 71, 16, 110, 72, 100
98, 101, 24, 138, 60, 98
98, 89, 18, 115, 70, 100
97, 83, 20, 128, 68, 98
98, 80, 16, 120, 82, 100
98, 102, 16, 114, 79, 99
98, 88, 16, 120, 75, 99
98, 70, 20, 120, 76, 98
98, 78, 16, 137, 75, 99
100, 116, 22, 116, 64, 100
100, 98, 16, 116, 54, 99
99, 88, 20, 120, 86, 100
98, 98, 16, 192, 136, 98
98, 120, 20, 128, 83, 99
98, 82, 19, 136, 78, 98
97, 77, 18, 126, 86, 99
98, 99, 20, 123, 80, 100
98, 80, 16, 113, 71, 98
98, 89, 18, 131, 89, 99
97, 51, 14, 115, 69, 100
97, 66, 19, 130, 65, 98
98, 70, 16, 139, 75, 100
98, 84, 18, 119, 82, 100
97, 68, 12, 132, 56, 100
98, 92, 22, 100, 60, 100
98, 99, 18, 119, 83, 100
98, 93, 20, 138, 87, 97
97, 67, 18, 138, 100, 100
98, 79, 16, 138, 77, 100
98, 90, 20, 119, 74, 99
98, 81, 19, 122, 74, 99
98, 78, 18, 99, 60, 100
97, 72, 18, 146, 73, 96
98, 72, 20, 151, 71, 97
98, 98, 20, 140, 82, 98
99, 88, 20, 133, 90, 99
97, 84, 24, 146, 81, 90
98, 80, 20, 111, 65, 95
98, 80, 18, 113, 71, 98
95, 56, 18, 118, 56, 99
98, 52, 20, 128, 76, 97
98, 75, 18, 100, 64, 83
98, 104, 22, 143, 83, 100
97, 74, 22, 210, 98, 98
98, 74, 20, 132, 92, 99
97, 73, 20, 138, 77, 95
98, 91, 22, 150, 71, 95
97, 83, 22, 134, 88, 99
98, 94, 18, 125, 78, 97
97, 89, 20, 164, 112, 98
97, 74, 20, 122, 71, 98
98, 111, 24, 163, 85, 91
98, 50, 18, 119, 67, 98
97, 100, 22, 136, 74, 96
98, 72, 22, 154, 78, 98
98, 65, 22, 124, 71, 94
98, 87, 20, 147, 87, 95
97, 106, 32, 154, 83, 91
99, 72, 20, 122, 67, 96
97, 105, 22, 138, 57, 95
97, 70, 20, 153, 81, 98
97, 84, 20, 172, 88, 94
98, 51, 20, 124, 72, 98
98, 119, 20, 118, 83, 96
98, 125, 20, 205, 99, 98
98, 112, 18, 149, 89, 99
97, 59, 20, 135, 65, 97
98, 94, 20, 141, 83, 95
97, 96, 20, 151, 112, 99
98, 86, 20, 113, 62, 96
97, 86, 22, 143, 94, 96
97, 94, 20, 150, 80, 93
98, 82, 20, 131, 77, 98
98, 105, 20, 124, 74, 96
98, 70, 20, 139, 72, 98
98, 57, 18, 143, 66, 95
98, 119, 24, 157, 99, 94
98, 109, 22, 149, 103, 97
98, 69, 20, 127, 67, 98
98, 80, 18, 126, 79, 97
98, 91, 18, 190, 108, 96
97, 85, 18, 129, 65, 97
97, 60, 16, 141, 92, 97
98, 119, 18, 139, 80, 96
97, 93, 18, 129, 75, 98
98, 83, 20, 162, 90, 94
102, 108, 24, 102, 67, 94
102, 124, 24, 105, 64, 92
98, 80, 18, 122, 69, 96
97, 89, 16, 116, 55, 100
97, 67, 20, 130, 84, 98
98, 103, 18, 135, 102, 100
97, 72, 20, 112, 59, 100
98, 91, 18, 142, 77, 99
102, 108, 18, 138, 81, 100
98, 76, 18, 169, 80, 98
98, 85, 16, 115, 75, 99
97, 53, 18, 135, 58, 98
99, 155, 28, 92, 61, 97
98, 100, 18, 140, 86, 100
97, 71, 18, 107, 71, 98
98, 78, 20, 136, 86, 97
97, 97, 16, 135, 81, 95
97, 88, 16, 138, 86, 97
98, 111, 20, 143, 59, 96
99, 78, 22, 127, 74, 100
97, 73, 20, 116, 86, 97
97, 105, 14, 104, 66, 97
97, 77, 16, 119, 86, 100
98, 112, 16, 100, 60, 100
97, 85, 18, 126, 74, 100
97, 80, 18, 197, 111, 100
97, 93, 20, 106, 69, 99
98, 86, 18, 140, 83, 99
97, 84, 16, 153, 104, 100
99, 106, 16, 117, 65, 98
97, 71, 22, 149, 86, 98
98, 87, 18, 129, 83, 100
98, 77, 18, 140, 86, 98
101, 133, 24, 171, 142, 87
98, 82, 22, 121, 69, 95
98, 77, 20, 130, 88, 98
98, 90, 18, 113, 84, 100
97, 137, 28, 136, 93, 91
98, 102, 16, 128, 89, 98
97, 99, 22, 141, 105, 98
97, 94, 20, 127, 77, 97
98, 84, 22, 121, 75, 98
98, 81, 16, 138, 68, 99
96, 71, 18, 104, 54, 100
97, 80, 20, 177, 100, 97
99, 70, 22, 154, 101, 98
98, 78, 16, 122, 86, 97
96, 117, 28, 111, 68, 95
97, 46, 18, 118, 72, 100
97, 70, 20, 180, 94, 98
97, 80, 18, 112, 61, 97
98, 94, 20, 123, 78, 99
97, 76, 20, 154, 92, 100
98, 108, 20, 145, 98, 97
98, 130, 18, 132, 87, 100
98, 75, 18, 135, 73, 99
97, 90, 20, 158, 94, 96
98, 75, 16, 144, 74, 100
97, 89, 13, 116, 72, 96
97, 64, 18, 105, 73, 100
98, 98, 30, 132, 98, 100
97, 79, 18, 137, 86, 99
98, 106, 18, 127, 93, 96
97, 59, 20, 122, 88, 100
98, 77, 18, 114, 68, 99
97, 104, 22, 108, 67, 100
98, 76, 18, 137, 96, 100
98, 78, 18, 117, 84, 99
98, 68, 20, 139, 73, 99
98, 89, 18, 124, 79, 98
97, 77, 18, 111, 74, 98
98, 95, 18, 124, 86, 95
97, 127, 20, 75, 47, 98
97, 96, 18, 152, 84, 99
98, 86, 18, 140, 100, 99
98, 89, 16, 149, 83, 97
98, 80, 16, 139, 80, 100
98, 84, 16, 121, 78, 100
97, 87, 20, 150, 85, 100
97, 75, 18, 178, 74, 100
97, 94, 20, 157, 103, 98
98, 53, 24, 138, 50, 100
98, 83, 16, 160, 79, 97
97, 96, 16, 181, 91, 98
102, 109, 20, 117, 68, 96
97, 86, 16, 120, 79, 98
96, 70, 24, 139, 51, 99
97, 88, 22, 147, 71, 93
97, 109, 18, 129, 51, 99
97, 79, 18, 127, 61, 97
99, 98, 18, 123, 87, 98
98, 70, 16, 124, 77, 97
97, 75, 18, 114, 80, 100
101, 95, 26, 176, 79, 96
98, 80, 16, 114, 65, 97
98, 62, 18, 151, 94, 99
99, 104, 18, 100, 66, 97
97, 100, 12, 84, 62, 99
97, 85, 14, 145, 74, 98
97, 88, 22, 120, 86, 100
98, 86, 16, 190, 112, 100
98, 96, 16, 131, 74, 98
98, 113, 20, 121, 76, 97
97, 88, 16, 104, 75, 99
98, 91, 16, 131, 73, 100
99, 103, 16, 130, 60, 97
